10 4
1, 2, 3; 0 0 1 0,   -0.5 -0.5 -0.5 120,   0.5 0.5 -0.5 60
2, 9, 3; -0.5 -0.5 -0.5 120,   0 1 0 0,   0.5 -0.5 0.5 60
3, 9, 7; -0.5 -0.5 0.5 90,   0 1 0 0,   0.5 -0.5 -0.5 90
7, 9, 8; 0.5 -0.5 0.5 60,   0 1 0 0,   -0.5 -0.5 -0.5 120
7, 8, 6; -0.5 0.5 0.5 60,   -0.5 -0.5 -0.5 120, 1 0 0 0
4, 7, 6; -0.5 -0.5 0.5 90,   -0.5 0.5 -0.5 90,   1 0 0 0
5, 4, 6; -0.5 -0.5 -0.5 120,   -0.5 0.5 0.5 60, 1 0 0 0
1, 4, 5; 0 0 1 0,   0.5 0.5 -0.5 60,   -0.5 -0.5 -0.5 120
1, 3, 4; 0 0 1 0,   -0.5 0.5 -0.5 90,   0.5 -0.5 -0.5 90
3, 7, 4; 0 0 0 60,   0 0 0 60,   0 0 0 60
substituted d/2 = -0.5a - 0.5b - 0.5c + 120


10 5
1, 2, 3; 0 0 1 0 0, 0 0 0 0.5 0, 0 0 -1 -0.5 180
2, 9, 3; 0 0 0 0.5 0, 0 1 0 0 0, 0 -1 0 -0.5 180
3, 9, 7; 0 0 1 0.5 -30, 0 1 0 0 0, 1 0 0 0.5 -30
7, 9, 8; 0 -1 0 -0.5 180, 0 1 0 0 0, 0 0 0 0.5 0
7, 8, 6; -1 0 0 -0.5 180, 0 0 0 0.5 0, 1 0 0 0 0
4, 7, 6; 0 0 1 0.5 -30, 0 1 0 0.5 -30, 1 0 0 0 0
5, 4, 6; 0 0 0 0.5 0, -1 0 0 -0.5 180, 1 0 0 0 0
1, 4, 5; 0 0 1 0 0, 0 0 -1 -0.5 180, 0 0 0 0.5 0
1, 3, 4; 0 0 1 0 0, 0 1 0 0.5 -30, 1 0 0 0.5 -30
3, 7, 4; 0 0 0 0 60, 0 0 0 0 60, 0 0 0 0 60
GENERALIZED MORLEY TRIANGLE
Link:
https://docs.google.com/presentation/d/1iNWpIilNH_K_C657zRd4lBOg7BdvI69nyTdTjkCqxfI/edit?usp=sharing


3 3
1, 2, 4; x, 0 1 0, x
4, 2, 3; x, 0 1 0, 1 0 0
1, 4, 3; x, x, 1 0 0
Simple triangle that requires pairing (CLASSIC PYRAMID)
Link:
https://drive.google.com/open?id=1FBQ49obyUkgOncR4zO6KU7kQ88qRqlQWlRiMV95feHQ


7 3
1, 3, 5; -1 -1 60, 0 1 0, x
5, 3, 6; x, 0 1 0, x
6, 3, 2; x, 0 1 0, 1 0 0
4, 6, 2; x, x, 1 0 0
1, 4, 2; -1 -1 60, x, 1 0 0
1, 5, 4; -1 -1 60, x, x
4, 5, 6; 0 0 60, 0 0 60, 0 0 60
Morley with alphas, betas, and angles in equilateral triangle known (MORLEY INCOMPLETE)
Link:
https://drive.google.com/open?id=172aspdJkZt9o6HyFKOKixCu8vuHe9FLwtaipAVcAuM4

