6 4
1, 2, 7; -1/3  -1/3 -1/3 120, 0 0 1 0, x
2, 3, 7; 0 0 1 0, -1/3  -1/3 -1/3 120, x
3, 4, 7; -1/3  -1/3 -1/3 120, 0 1 0 0, x
4, 5, 7; 0 1 0 0, -1/3  -1/3 -1/3 120, x
5, 6, 7; -1/3  -1/3 -1/3 120, 1 0 0 0, x
6, 1, 7; 1 0 0 0, -1/3  -1/3 -1/3 120, x
Bisectors


3 3
1, 2, 4; x, 0 1 0, x
4, 2, 3; x, 0 1 0, 1 0 0
1, 4, 3; x, x, 1 0 0
CLASSIC PYRAMID
https://drive.google.com/open?id=1FBQ49obyUkgOncR4zO6KU7kQ88qRqlQWlRiMV95feHQ


10 4
1, 2, 3; 0 0 1 0,   -0.5 -0.5 -0.5 120,   0.5 0.5 -0.5 60
2, 9, 3; -0.5 -0.5 -0.5 120,   0 1 0 0,   0.5 -0.5 0.5 60
3, 9, 7; -0.5 -0.5 0.5 90,   0 1 0 0,   0.5 -0.5 -0.5 90
7, 9, 8; 0.5 -0.5 0.5 60,   0 1 0 0,   -0.5 -0.5 -0.5 120
7, 8, 6; -0.5 0.5 0.5 60,   -0.5 -0.5 -0.5 120, 1 0 0 0
4, 7, 6; -0.5 -0.5 0.5 90,   -0.5 0.5 -0.5 90,   1 0 0 0
5, 4, 6; -0.5 -0.5 -0.5 120,   -0.5 0.5 0.5 60, 1 0 0 0
1, 4, 5; 0 0 1 0,   0.5 0.5 -0.5 60,   -0.5 -0.5 -0.5 120
1, 3, 4; 0 0 1 0,   -0.5 0.5 -0.5 90,   0.5 -0.5 -0.5 90
3, 7, 4; 0 0 0 60,   0 0 0 60,   0 0 0 60
GENERALIZED MORLEY
https://drive.google.com/open?id=1iNWpIilNH_K_C657zRd4lBOg7BdvI69nyTdTjkCqxfI


10 5
1, 2, 3; 0 0 1 0 0, 0 0 0 0.5 0, 0 0 -1 -0.5 180
2, 9, 3; 0 0 0 0.5 0, 0 1 0 0 0, 0 -1 0 -0.5 180
3, 9, 7; 0 0 1 0.5 -30, 0 1 0 0 0, 1 0 0 0.5 -30
7, 9, 8; 0 -1 0 -0.5 180, 0 1 0 0 0, 0 0 0 0.5 0
7, 8, 6; -1 0 0 -0.5 180, 0 0 0 0.5 0, 1 0 0 0 0
4, 7, 6; 0 0 1 0.5 -30, 0 1 0 0.5 -30, 1 0 0 0 0
5, 4, 6; 0 0 0 0.5 0, -1 0 0 -0.5 180, 1 0 0 0 0
1, 4, 5; 0 0 1 0 0, 0 0 -1 -0.5 180, 0 0 0 0.5 0
1, 3, 4; 0 0 1 0 0, 0 1 0 0.5 -30, 1 0 0 0.5 -30
3, 7, 4; 0 0 0 0 60, 0 0 0 0 60, 0 0 0 0 60
GENERALIZED MORLEY WITH CONSTRAINT
https://drive.google.com/open?id=1Co-chfuKsFyROpgChfybuGml94_yjnKcEUJ0IBFB54o


7 3
1, 3, 5; -1 -1 60, 0 1 0, x
5, 3, 6; x, 0 1 0, x
6, 3, 2; x, 0 1 0, 1 0 0
4, 6, 2; x, x, 1 0 0
1, 4, 2; -1 -1 60, x, 1 0 0
1, 5, 4; -1 -1 60, x, x
4, 5, 6; 0 0 60, 0 0 60, 0 0 60
MORLEY INCOMPLETE
https://drive.google.com/open?id=172aspdJkZt9o6HyFKOKixCu8vuHe9FLwtaipAVcAuM4

